-3.899416863693354117e+03 -3.319427179449827236e+03 -2.635125618569923972e+03 -1.845264240347889427e+03 -9.689593613643228309e+02 -6.520722468317544553e+02 -2.055988956934299495e+03 -3.649035298955932376e+03 -5.114729264274334128e+03 -6.283603773382426880e+03
-3.627309565720017417e+03 -3.147940079993219115e+03 -2.603143928377226985e+03 -1.995358575406287855e+03 -1.335173875536471314e+03 -6.590076290834913380e+02 -6.138191979488692596e+02 -1.053375469836071716e+03 -1.825747354594233911e+03 -2.754260718489116698e+03
-3.616323082934279228e+03 -3.250986979256340419e+03 -2.845817182412050897e+03 -2.401822773113162839e+03 -1.924617774629936321e+03 -1.429377801715556416e+03 -1.017101487900305074e+03 -9.805631614879093831e+02 -1.093271390751193394e+03 -1.393066890186586534e+03
-3.672100660186959431e+03 -3.394209259490729892e+03 -3.089465807570886682e+03 -2.757544109899405157e+03 -2.401456848681598785e+03 -2.029509289387162426e+03 -1.664081895158058614e+03 -1.381314508280789596e+03 -1.311182588641706388e+03 -1.360165066547575407e+03
-3.729839948073175037e+03 -3.514302543735146173e+03 -3.279207188981934451e+03 -3.023329335133821587e+03 -2.747893890870109317e+03 -2.457770520862497506e+03 -2.163436335286722169e+03 -1.884246192792023066e+03 -1.673472310903365724e+03 -1.556577339171286440e+03
-3.775866975689219544e+03 -3.604441632197063882e+03 -3.418453824036361766e+03 -3.216160139498533681e+03 -2.997425499120217864e+03 -2.764791560583718820e+03 -2.524315432987161330e+03 -2.284741799035560689e+03 -2.059033745119711966e+03 -1.889985933501506224e+03
-3.809831616024370305e+03 -3.670001614064967725e+03 -3.519440291555089061e+03 -3.356222502355216420e+03 -3.179292563024806441e+03 -2.989486503228079528e+03 -2.790115428035482182e+03 -2.586677854373279843e+03 -2.385014597485540435e+03 -2.193032165834461921e+03
-3.834203260781010613e+03 -3.717417165263934294e+03 -3.592903342620993499e+03 -3.458805200950344442e+03 -3.313567604180920171e+03 -3.156865904971011332e+03 -2.990164763449385646e+03 -2.816574418986056116e+03 -2.640436673808639171e+03 -2.466143472387600923e+03
-3.851504386189219076e+03 -3.751867341185774421e+03 -3.646830469121836359e+03 -3.534740638641145779e+03 -3.413876809667388443e+03 -3.283210904336607200e+03 -3.142992188929594704e+03 -2.994682455309783109e+03 -2.840882245628585224e+03 -2.685394247146730777e+03
-3.863727127853431739e+03 -3.777124844436621061e+03 -3.686895455924270209e+03 -3.591634594870192814e+03 -3.489671170673740562e+03 -3.379630704828785383e+03 -3.260986789769449388e+03 -3.134144764318160014e+03 -3.000328167025334551e+03 -2.861971867083266261e+03
