-3.545587373125262065e+00
-3.632242283191133847e+00
-4.064824631605200800e+00
-3.835298841499718225e+00
-4.020612807079298356e+00
-3.886863943042542235e+00
-3.552880165914200639e+00
-3.895894468308195524e+00
-3.635313500168403156e+00
-4.327404103400061430e+00
-3.995172476994640398e+00
-4.035838338597635300e+00
-4.031428182315168307e+00
-4.267544501502022136e+00
-4.061944088510977657e+00
-4.075943322899663102e+00
-4.070202080329030636e+00
-4.063733736555986020e+00
-3.610124456647040070e+00
-4.279556639803708151e+00
-3.522379690005169817e+00
-4.035631912381823838e+00
-4.083364931081584714e+00
-4.092821551905355015e+00
-4.046900134265246862e+00
-3.653468755303726834e+00
-3.866461306292248157e+00
-3.928469565623176063e+00
-4.084568885601314925e+00
-3.539681369841110037e+00
-3.669634270296281198e+00
-3.698402219721616202e+00
-3.701604170339110045e+00
-3.802636741166320444e+00
-3.956058076753856678e+00
-3.960294678890794895e+00
-4.018387034497966859e+00
-4.179486985007287991e+00
-4.067754196759424623e+00
-3.987710050585238086e+00
-3.931618022921853584e+00
-3.798791625965058483e+00
-3.906215892588519090e+00
-3.904810764927314715e+00
-3.825065527738273463e+00
-4.056576343279028052e+00
-4.004306451899489971e+00
-3.883340547842175638e+00
-3.628324693432931625e+00
