-3.389038316414674235e+00
-3.532043098527840819e+00
-4.089770147081645213e+00
-3.739595661224083933e+00
-4.045355294500834198e+00
-4.001645632767696803e+00
-3.420659947682640922e+00
-3.790869938132071848e+00
-3.574099576959979263e+00
-4.409390615578237416e+00
-3.976506552226002800e+00
-4.047585747604607320e+00
-4.058421253351929714e+00
-4.391772666757745469e+00
-4.111605402536897103e+00
-4.221530526429629226e+00
-4.083598311061797048e+00
-4.170116668040415142e+00
-3.505587003099440935e+00
-4.335659517719545164e+00
-3.390530626897153343e+00
-4.038373556268455289e+00
-4.330310027481538704e+00
-4.116241626898628603e+00
-4.039225424953057697e+00
-3.636018916334807116e+00
-3.949674922168191493e+00
-4.057408632763192635e+00
-4.232444584204150928e+00
-3.404055562657803513e+00
-3.611142129668736267e+00
-3.608906290744019696e+00
-3.632161910127666093e+00
-3.861005462392987475e+00
-4.084954635024729441e+00
-3.977685694665298755e+00
-4.085336467869726818e+00
-4.324523082611086089e+00
-4.118655379916065229e+00
-4.083715086076406209e+00
-3.845046641575410540e+00
-3.818646904713327128e+00
-3.970197763148606729e+00
-3.932582518205464339e+00
-3.873865065027095156e+00
-4.237707720173716552e+00
-4.089696080258745425e+00
-3.945157695410242304e+00
-3.493654468445243300e+00
