-5.214688291310164203e+00
-6.959675340962135914e-01
-4.423814404534041955e+00
-4.779257370462629773e+00
-4.696084773978938642e+00
-5.214463175398615036e+00
-4.985668501476628656e+00
-3.500788409975477133e+00
-3.570441070150040641e+00
-4.543526543891426073e+00
-3.496316982803205242e+00
-4.666896190182908910e+00
-4.776543374370964656e+00
-5.096805912242816206e+00
-4.913603874304114605e+00
-5.080567781416914563e+00
-4.913541137449166207e+00
-4.968243100727366190e+00
-5.233021354865721619e+00
-4.602196404832447740e+00
-5.205813466469391138e+00
-4.542782525282173189e+00
-4.843561403375174379e+00
-4.984328141611650942e+00
-2.459452958429357405e+00
-4.955423710509413660e+00
-5.237529627115877773e+00
-5.214548828680029224e+00
-5.091435885326958122e+00
-5.123393507495220156e+00
-4.996087080672481306e+00
-5.241949920117297879e+00
-5.250805178495320469e+00
-5.183595936171039753e+00
-5.154560692465093297e+00
-4.718637435374660960e+00
-4.747259943333053123e+00
-5.166016803400514057e+00
-4.930093898378096640e+00
-4.782375224583687690e+00
-4.654326447554125501e+00
-5.029482472808602722e+00
-4.849619715964123223e+00
-3.764500174480401196e+00
-5.243539801236924980e+00
-5.217722088101659494e+00
-5.192590433862451782e+00
-5.235780002062596417e+00
-5.244571969574846726e+00
