-4.227598621253643163e-01
-5.348069521607529353e+00
-5.243822041560381564e+00
-5.326709556558565595e+00
-5.274032416363625408e+00
-5.336130127357058939e+00
-5.347534580622084199e+00
-5.232789627336616789e+00
-3.353241518405430721e+00
-5.237645921005979588e+00
-5.252156954837939651e+00
-5.238186879714971766e+00
-5.132993622373818177e+00
-5.326333999132614849e+00
-5.123092302266709197e+00
-5.324001747222118830e+00
-3.930020718107653188e+00
-5.290734650696054864e+00
-5.346076091246440676e+00
-4.807851634220872583e+00
-5.350640469204990701e+00
-2.788897051086210332e+00
-5.343044225910904998e+00
-5.157397959467441062e+00
-5.125561071440642991e+00
-5.343684106578686865e+00
-5.340245262006664717e+00
-5.335099490383242049e+00
-5.311192880176708542e+00
-5.349506225676004867e+00
-5.343082093886666328e+00
-5.342769123034185164e+00
-5.345788433226822178e+00
-5.346920868339503308e+00
-5.342926738111253293e+00
-5.307362852663279007e+00
-5.298827431002407273e+00
-5.326625796834397519e+00
-5.181136707177303791e+00
-5.305468568723433087e+00
-5.251784430904268497e+00
-5.340577568449793588e+00
-5.321658556683122043e+00
-5.319056223738602540e+00
-5.344818427885406287e+00
-5.334777462256940161e+00
-5.339502728995447534e+00
-5.342208443983801125e+00
-5.345439306547708824e+00
